611300010	
611300021	
611300032	
611300043	
611300054	
611300065	
611300076	
611300080	
611300091	
611300102	
611300113	
611300124	
611300135	
611300146	
611300150	
611300161	
611300172	
611300183	
611300194	
611300205	
611300216	
611300220	
611300231	
611300242	
611300253	
611300264	
611300275	
611300286	
611300290	
611300301	
611300312	
611300323	
611300334	
611300345	
611300356	
611300360	
611300371	
611300382	
611300393	
611300404	
611300415	
611300426	
611300430	
611300441	
611300452	
611300463	
611300474	
611300485	
611300496	
611300500	
611300511	
611300522	
611300533	
611300544	
611300555	
611300566	
611300570	
611300581	
611300592	
611300603	
611300614	
611300625	
611300636	
611300640	
611300651	
611300662	
611300673	
611300684	
611300695	
611300706	
611300710	
611300721	
611300732	
611300743	
611300754	
611300765	
611300776	
611300780	
611300791	
611300802	
611300813	
611300824	
611300835	
611300846	
611300850	
611300861	
611300872	
611300883	
611300894	
611300905	
611300916	
611300920	
611300931	
611300942	
611300953	
611300964	
611300975	
611300986	
611300990	
611301001	
611301012	
611301023	
611301034	
611301045	
611301056	
611301060	
611301071	
611301082	
611301093	
611301104	
611301115	
611301126	
611301130	
611301141	
611301152	
611301163	
611301174	
611301185	
611301196	
611301200	
611301211	
611301222	
611301233	
611301244	
611301255	
611301266	
611301270	
611301281	
611301292	
611301303	
611301314	
611301325	
611301336	
611301340	
611301351	
611301362	
611301373	
611301384	
611301395	
611301406	
611301410	
611301421	
611301432	
611301443	
611301454	
611301465	
611301476	
611301480	
611301491	
611301502	
611301513	
611301524	
611301535	
611301546	
611301550	
611301561	
611301572	
611301583	
611301594	
611301605	
611301616	
611301620	
611301631	
611301642	
611301653	
611301664	
611301675	
611301686	
611301690	
611301701	
611301712	
611301723	
611301734	
611301745	
611301756	
611301760	
611301771	
611301782	
611301793	
611301804	
611301815	
611301826	
611301830	
611301841	
611301852	
611301863	
611301874	
611301885	
611301896	
611301900	
611301911	
611301922	
611301933	
611301944	
611301955	
611301966	
611301970	
611301981	
611301992	
611302003	
611302014	
611302025	
611302036	
611302040	
611302051	
611302062	
611302073	
611302084	
611302095	
611302106	
611302110	
611302121	
611302132	
611302143	
611302154	
611302165	
611302176	
611302180	
611302191	
611302202	
611302213	
611302224	
611302235	
611302246	
611302250	
611302261	
611302272	
611302283	
611302294	
611302305	
611302316	
611302320	
611302331	
611302342	
611302353	
611302364	
611302375	
611302386	
611302390	
611302401	
611302412	
611302423	
611302434	
611302445	
611302456	
611302460	
611302471	
611302482	
611302493	
611302504	
611302515	
611302526	
611302530	
611302541	
611302552	
611302563	
611302574	
611302585	
611302596	
611302600	
611302611	
611302622	
611302633	
611302644	
611302655	
611302666	
611302670	
611302681	
611302692	
611302703	
611302714	
611302725	
611302736	
611302740	
611302751	
611302762	
611302773	
611302784	
611302795	
611302806	
611302810	
611302821	
611302832	
611302843	
611302854	
611302865	
611302876	
611302880	
611302891	
611302902	
611302913	
611302924	
611302935	
611302946	
611302950	
611302961	
611302972	
611302983	
611302994	
611303005	
611303016	
611303020	
611303031	
611303042	
611303053	
611303064	
611303075	
611303086	
611303090	
611303101	
611303112	
611303123	
611303134	
611303145	
611303156	
611303160	
611303171	
611303182	
611303193	
611303204	
611303215	
611303226	
611303230	
611303241	
611303252	
611303263	
611303274	
611303285	
611303296	
611303300	
611303311	
611303322	
611303333	
611303344	
611303355	
611303366	
611303370	
611303381	
611303392	
611303403	
611303414	
611303425	
611303436	
611303440	
611303451	
611303462	
611303473	
611303484	
611303495	
611303506	
611303510	
611303521	
611303532	
611303543	
611303554	
611303565	
611303576	
611303580	
611303591	
611303602	
611303613	
611303624	
611303635	
611303646	
611303650	
611303661	
611303672	
611303683	
611303694	
611303705	
611303716	
611303720	
611303731	
611303742	
611303753	
611303764	
611303775	
611303786	
611303790	
611303801	
611303812	
611303823	
611303834	
611303845	
611303856	
611303860	
611303871	
611303882	
611303893	
611303904	
611303915	
611303926	
611303930	
611303941	
611303952	
611303963	
611303974	
611303985	
611303996	
611304000	
611304011	
611304022	
611304033	
611304044	
611304055	
611304066	
611304070	
611304081	
611304092	
611304103	
611304114	
611304125	
611304136	
611304140	
611304151	
611304162	
611304173	
611304184	
611304195	
611304206	
611304210	
611304221	
611304232	
611304243	
611304254	
611304265	
611304276	
611304280	
611304291	
611304302	
611304313	
611304324	
611304335	
611304346	
611304350	
611304361	
611304372	
611304383	
611304394	
611304405	
611304416	
611304420	
611304431	
611304442	
611304453	
611304464	
611304475	
611304486	
611304490	
611304501	
611304512	
611304523	
611304534	
611304545	
611304556	
611304560	
611304571	
611304582	
611304593	
611304604	
611304615	
611304626	
611304630	
611304641	
611304652	
611304663	
611304674	
611304685	
611304696	
611304700	
611304711	
611304722	
611304733	
611304744	
611304755	
611304766	
611304770	
611304781	
611304792	
611304803	
611304814	
611304825	
611304836	
611304840	
611304851	
611304862	
611304873	
611304884	
611304895	
611304906	
611304910	
611304921	
611304932	
611304943	
611304954	
611304965	
611304976	
611304980	
611304991	
611305002	
611305013	
611305024	
611305035	
611305046	
611305050	
611305061	
611305072	
611305083	
611305094	
611305105	
611305116	
611305120	
611305131	
611305142	
611305153	
611305164	
611305175	
611305186	
611305190	
611305201	
611305212	
611305223	
611305234	
611305245	
611305256	
611305260	
611305271	
611305282	
611305293	
611305304	
611305315	
611305326	
611305330	
611305341	
611305352	
611305363	
611305374	
611305385	
611305396	
611305400	
611305411	
611305422	
611305433	
611305444	
611305455	
611305466	
611305470	
611305481	
611305492	
611305503	
611305514	
611305525	
611305536	
611305540	
611305551	
611305562	
611305573	
611305584	
611305595	
611305606	
611305610	
611305621	
611305632	
611305643	
611305654	
611305665	
611305676	
611305680	
611305691	
611305702	
611305713	
611305724	
611305735	
611305746	
611305750	
611305761	
611305772	
611305783	
611305794	
611305805	
611305816	
611305820	
611305831	
611305842	
611305853	
611305864	
611305875	
611305886	
611305890	
611305901	
611305912	
611305923	
611305934	
611305945	
611305956	
611305960	
611305971	
611305982	
611305993	
611306004	
611306015	
611306026	
611306030	
611306041	
611306052	
611306063	
611306074	
611306085	
611306096	
611306100	
611306111	
611306122	
611306133	
611306144	
611306155	
611306166	
611306170	
611306181	
611306192	
611306203	
611306214	
611306225	
611306236	
611306240	
611306251	
611306262	
611306273	
611306284	
611306295	
611306306	
611306310	
611306321	
611306332	
611306343	
611306354	
611306365	
611306376	
611306380	
611306391	
611306402	
611306413	
611306424	
611306435	
611306446	
611306450	
611306461	
611306472	
611306483	
611306494	
611306505	
611306516	
611306520	
611306531	
611306542	
611306553	
611306564	
611306575	
611306586	
611306590	
611306601	
611306612	
611306623	
611306634	
611306645	
611306656	
611306660	
611306671	
611306682	
611306693	
611306704	
611306715	
611306726	
611306730	
611306741	
611306752	
611306763	
611306774	
611306785	
611306796	
611306800	
611306811	
611306822	
611306833	
611306844	
611306855	
611306866	
611306870	
611306881	
611306892	
611306903	
611306914	
611306925	
611306936	
611306940	
611306951	
611306962	
611306973	
611306984	
611306995	
611307006	
611307010	
611307021	
611307032	
611307043	
611307054	
611307065	
611307076	
611307080	
611307091	
611307102	
611307113	
611307124	
611307135	
611307146	
611307150	
611307161	
611307172	
611307183	
611307194	
611307205	
611307216	
611307220	
611307231	
611307242	
611307253	
611307264	
611307275	
611307286	
611307290	
611307301	
611307312	
611307323	
611307334	
611307345	
611307356	
611307360	
611307371	
611307382	
611307393	
611307404	
611307415	
611307426	
611307430	
611307441	
611307452	
611307463	
611307474	
611307485	
611307496	
611307500	
611307511	
611307522	
611307533	
611307544	
611307555	
611307566	
611307570	
611307581	
611307592	
611307603	
611307614	
611307625	
611307636	
611307640	
611307651	
611307662	
611307673	
611307684	
611307695	
611307706	
611307710	
611307721	
611307732	
611307743	
611307754	
611307765	
611307776	
611307780	
611307791	
611307802	
611307813	
611307824	
611307835	
611307846	
611307850	
611307861	
611307872	
611307883	
611307894	
611307905	
611307916	
611307920	
611307931	
611307942	
611307953	
611307964	
611307975	
611307986	
611307990	
611308001	
611308012	
611308023	
611308034	
611308045	
611308056	
611308060	
611308071	
611308082	
611308093	
611308104	
611308115	
611308126	
611308130	
611308141	
611308152	
611308163	
611308174	
611308185	
611308196	
611308200	
611308211	
611308222	
611308233	
611308244	
611308255	
611308266	
611308270	
611308281	
611308292	
611308303	
611308314	
611308325	
611308336	
611308340	
611308351	
611308362	
611308373	
611308384	
611308395	
611308406	
611308410	
611308421	
611308432	
611308443	
611308454	
611308465	
611308476	
611308480	
611308491	
611308502	
611308513	
611308524	
611308535	
611308546	
611308550	
611308561	
611308572	
611308583	
611308594	
611308605	
611308616	
611308620	
611308631	
611308642	
611308653	
611308664	
611308675	
611308686	
611308690	
611308701	
611308712	
611308723	
611308734	
611308745	
611308756	
611308760	
611308771	
611308782	
611308793	
611308804	
611308815	
611308826	
611308830	
611308841	
611308852	
611308863	
611308874	
611308885	
611308896	
611308900	
611308911	
611308922	
611308933	
611308944	
611308955	
611308966	
611308970	
611308981	
611308992	
611309003	
611309014	
611309025	
611309036	
611309040	
611309051	
611309062	
611309073	
611309084	
611309095	
611309106	
611309110	
611309121	
611309132	
611309143	
611309154	
611309165	
611309176	
611309180	
611309191	
611309202	
611309213	
611309224	
611309235	
611309246	
611309250	
611309261	
611309272	
611309283	
611309294	
611309305	
611309316	
611309320	
611309331	
611309342	
611309353	
611309364	
611309375	
611309386	
611309390	
611309401	
611309412	
611309423	
611309434	
611309445	
611309456	
611309460	
611309471	
611309482	
611309493	
611309504	
611309515	
611309526	
611309530	
611309541	
611309552	
611309563	
611309574	
611309585	
611309596	
611309600	
611309611	
611309622	
611309633	
611309644	
611309655	
611309666	
611309670	
611309681	
611309692	
611309703	
611309714	
611309725	
611309736	
611309740	
611309751	
611309762	
611309773	
611309784	
611309795	
611309806	
611309810	
611309821	
611309832	
611309843	
611309854	
611309865	
611309876	
611309880	
611309891	
611309902	
611309913	
611309924	
611309935	
611309946	
611309950	
611309961	
611309972	
611309983	
611309994	
611310005	
611310016	
611310020	
611310031	
611310042	
611310053	
611310064	
611310075	
611310086	
611310090	
611310101	
611310112	
611310123	
611310134	
611310145	
611310156	
611310160	
611310171	
611310182	
611310193	
611310204	
611310215	
611310226	
611310230	
611310241	
611310252	
611310263	
611310274	
611310285	
611310296	
611310300	
611310311	
611310322	
611310333	
611310344	
611310355	
611310366	
611310370	
611310381	
611310392	
611310403	
611310414	
611310425	
611310436	
611310440	
611310451	
611310462	
611310473	
611310484	
611310495	
611310506	
611310510	
611310521	
611310532	
611310543	
611310554	
611310565	
611310576	
611310580	
611310591	
611310602	
611310613	
611310624	
611310635	
611310646	
611310650	
611310661	
611310672	
611310683	
611310694	
611310705	
611310716	
611310720	
611310731	
611310742	
611310753	
611310764	
611310775	
611310786	
611310790	
611310801	
611310812	
611310823	
611310834	
611310845	
611310856	
611310860	
611310871	
611310882	
611310893	
611310904	
611310915	
